47,010 0,077
46,795 1,983
46,521 3,681
46,559 3,740
46,719 4,342
47,112 9,278
47,138 10,155
47,444 12,158
48,244 14,263
48,115 16,621
48,110 16,619
48,079 19,699
47,858 21,307
47,976 23,000
48,005 23,002
48,005 23,002
49,526 23,977
49,499 25,349
49,224 28,426
49,556 30,505
49,561 34,614
49,562 34,618
50,529 36,525
51,114 38,337
50,645 39,465
50,389 40,513
50,299 40,700
50,422 42,766
48,705 44,520
48,324 45,607
47,025 47,307
46,690 47,855
46,582 49,014
46,740 49,894
47,028 50,670
47,318 51,317
47,134 51,952